時間複雜度
上課例題：
​(6),(7),(11),(5)
回家練習：
​(8),(9),(10)

資結習題整理
上課例題
(12),(16),(17),(18),(19),(25)
回家作業
(14),(15),20,21,(22),(23),(24),(27),(28)

資結習題整理2
上課例題
(26),(29),(30),(33),36
回家作業
(31),(32),(34),(35),(37)

枚舉習題整理
上課例題
(38),(39),(40),(42),(43)
回家作業
(41),44

枚舉習題整理2
上課例題
(40),(45),(46),(47)
回家作業
(38),48,(49),51

枚舉習題整理3
上課例題
57,58,59
回家作業
38,52,53,54,55,56,75

Greedy
上課例題
61,64,67,232
回家作業
62,63,65,66,68,69

Greedy 2-1
上課例題
70,71,72,74
回家作業
73,75

Greedy 2-2
上課例題
76,77,80,81
回家作業
78,79,82

=========================
AC: 10,11,13,15,22,24,26,27,28,31,32,37,38,40,49
Not sure: 20,21,36,44,48
